910020500668
910010800382
910010501071
910620400590
911070800174
910010702694
940939500021
910020000024
910010701590
910100302112
910010902402
910010901616
910010301142
910010704397
911090201191
910010403078
910019802244
910990400039
910020800540
940930200026
910010504194
910200900771
911730500356
910010903011
910080700048
910010802174
910010301307
910069804222
910010500580
910010503632
910350500651
911580500769
930880800009
930640800033
930860500102
931260600102
931200500035
930579700007
930500400021
930610500120
930440900003
930869800011
931220900004
930550900044
930610500089
930370500025
930319500052
940850200003
931370900069
930390200044
931629700074
931000900019
930860600097
930390400035
940689500010
930619500045
931370500063
930830400002
940399800085
930610400055
930310600018
930319900024
930930200006
931330500042
940420200013
940390200521
940240200008
940390200365
940390200554
940019500065
940399800157
931080900157
940619600076
940619800090
941080200289
930609700041
941080200058
940069600139
941089700108
941080200417
940309700003
940949600010
940869700009
930640100026
940990200013
941080200014
940390200361
941080200325
941080200096
941009600008
940600200175
940069700144
941480200033
941080200445
941080200255
941080201301
910010502540
910010200332
910010704603
910010902609
910019900792
930330900153
910010702558
910010900791
940670200003
910010502131
910010501854
910010201362
910010503776
910010402025
910010302430
910010900718
910010502529
910060505411
910010502311
910100902967
910010800074
910050501268
911620802097
910010300540
910860502486
911110400552
910010501505
911260700045
910450700862
910010503492
910010400648
910010503646
940589500016
930630500040
930600900039
930860600096
931620000012
930590500055
930580700030
930639700011
931489500031
931580700046
931700400152
930650200011
940399700528
930600400025
930600200237
930600900037
930379600012
930499500013
930609800105
940620200006
930500300009
930609500221
931180100004
931700600189
930619600081
930310400006
930880700049
930310800016
930550600001
931260200031
930609600169
931690800006
930619800110
940390200074
940600200314
940889700029
941080200062
941080200590
940399600140
940610200072
940579700145
940600200228
940619700085
940399800025
940069800063
941089700778
940619500048
940399700236
930619800071
940689500024
940069600042
940249600009
941080200946
940390200177
941080200032
940609700335
940399600078
940829700023
941139700114
940390200377
940069500066
941089700742
940079700002
940600200233
910010300739
910070901943
910010701636
910680300429
910050902582
910010502904
911550800124
910020100297
910169600481
910010705031
910010201217
910060300408
911400700337
910010902618
910010601046
910730700449
910010903378
910010803631
910010905497
910060305823
910010802832
911010700011
910570503494
910010903937
940690200067
910150700495
910010702503
910010202696
910010500330
910060507094
910010905492
910010901538
931700300080
931620400072
930580000001
930390200073
940479500010
930619900049
931220600008
940939600005
930310100059
931190300005
930600500228
930610400113
930610900282
930610600134
930889700011
930680700044
931709600049
930640700003
930559500029
930390900003
930619700036
930600300104
930390100059
930490200021
930500300004
931140600003
930399700048
930610700061
930390200019
930650200015
930699800008
930600700131
940069500201
940479500021
940089600012
941080200413
940069500140
940280200007
940070200067
940619800069
940939500042
941080200034
940750200002
940610200140
940399700107
940079700011
940399800041
940600200304
940469600019
940089700008
940609600296
930390100078
910050700521
941080200483
940600200048
941080200017
930599700030
940479500029
940399800189
941130200699
940070200052
941080200479
940279500007
911130902778
911420201195
910060502574
910019500307
910060105447
910880301285
940610200251
910010702408
910060405398
910010704173
910570400034
910010902205
910010704631
910010502726
910010500076
910010701948
910010705054
910010301289
910240400553
910010905134
910020500603
910010401716
910010500512
910050800713
910010500994
910010603603
910450900026
910010900028
910060304699
910550500087
910080801941
911630800416
910010200345
930600700201
931260100035
930600100185
931260500065
931620200067
930640400012
930390000024
931370100021
931200100009
930860400059
930630600040
930650600035
930619900032
930380700013
930490400030
930389700009
930860900104
930610900259
931200900022
940869500014
930600200101
941169500001
930869900072
930630300024
931190800007
931660700033
931709600059
940599700050
940390200115
931690100014
930610500163
930649500027
941080200643
940399500351
941009700006
940860200003
940069800032
941080200506
940069500152
941080200249
941080200264
940399600035
940619500144
930630400013
940609700127
940810200023
930390300019
940090200040
940969700006
940399700277
940609700378
940289700003
941080200378
940399600420
930570602992
941080201382
940390200616
940139700004
940399500062
941139700726
940399600098
941080200136
930609900017
940989600008
911190800718
910010703637
910010901798
910540400812
910050801561
910039600513
910010503734
911010500295
910020400070
910010901122
910010902985
911600300057
910010700087
910010201637
910010501942
910010701561
910010903614
910010703239
910010904105
910010300932
911730500163
910010301502
910010905131
910100300796
910010501430
910020300755
910460501975
910360800607
910010503447
910300500136
910060300610
910020300544
930559800005
930769500004
930860400027
930399500066
930860200040
931179900019
930570900191
931330100009
930390800015
931230900018
930600500025
931700500189
940590200005
931080900007
930639600002
940949500001
931179800047
931660400021
930670700013
930860700052
931580800013
930770300003
930620400037
931669600013
930590800040
930610800315
931570600001
930069900016
931170100046
931260600033
931189800003
930610400124
940600200288
940399600171
940069500184
940079600046
940959600005
941080200927
941080200045
930390300030
941080201116
941080200352
940390200560
940399700477
940399800378
940869500063
940609500230
940610200099
941080200236
930649900007
940399800531
940619800176
941080200314
940019500032
940390200379
940439600002
940069600002
940399600358
940399800530
930609600164
941080200274
940390200666
941080200592
940079700032
910180800874
910010905473
940699700041
910010503736
910010603413
940699500081
910590300803
910010901437
911060501125
910010701656
910010703523
910010902829
910010500057
910010903411
910010500118
910070500813
911230900406
911280200426
910010501529
910010402109
910010702832
910010500098
910010901937
910010301923
910010702316
910010902838
910010500064
910010701360
931359500013
910010503217
910010500979
910010900412
930710400007
930610500185
930999900001
930880000002
930379500010
930669800006
930430000008
940669700018
930609700087
931530100007
930699700001
931690000020
930559700020
931480000010
940010200058
940759500016
931709500044
931690300002
930499800001
931089900027
930600800085
930750000002
931560400001
930390600035
930860600034
930619900006
930570000025
930069600006
930779800001
930619600092
940579700152
940639700005
910060712065
941009500002
941089700725
940619800217
941080200556
940399800244
940980200001
940390200624
940609600174
941089700247
940609600060
940469800023
911020801193
940869600001
941009600022
941080200630
940609600330
940600200363
940399800288
940600200254
910039800155
940070200099
940819700021
940390200211
940939500052
940609700267
941080200232
940869700025
940390200659
941080200064
940410200028
940609600286
910010300878
910010501636
910660202119
910030300284
910050500161
910010200236
910630403983
910039600217
910060505801
910010901980
910010704829
910010301236
910010702666
910010703145
910370301061
910290500233
910060506951
910930901820
910720900393
910010502539
910019801026
910040300566
910060307207
910010902759
910110800040
910010701318
910010905338
910040700024
910010703006
910010503695
910010901718
910010300392
930140600004
931080700115
930580000002
930880100008
930600600189
930600900174
930490800002
930869600001
930390900067
930860500034
940709600001
930010700021
931379700016
931170900039
930619700106
931170800001
930370500043
930600700085
940460200041
930310300016
930470800010
930630800014
931700600148
930930300011
930390300043
940979600021
931089900045
930550700065
930370700005
930590000019
931700500131
931379700004
941080200233
940399500117
940249700018
941009700002
940860200022
940419700039
941080200001
940939500059
941009700035
940619700190
940419700016
941080200431
940069500035
940019700056
940619800099
940069700139
941080200202
941089701454
940069600176
940619800021
941080200074
940860200046
941089700591
940399700201
940600200018
910010700402
940399600005
940759600008
940939500017
940609700330
940390200596
940399600204
910010503151
910230700120
910010301101
910010503795
910010500382
910010703085
911100902628
910010903716
910010503935
910010402111
910010904533
910060306909
911260902732
910010901964
910010701844
910110500415
910010501914
910010503762
910310900880
910030100534
910010903427
910049800230
910030500967
910110301600
910010300914
910270501389
931260700049
930600600027
930500200019
931700400084
930560900001
930670000019
930620700024
931700400062
931700200022
931620100028
931080400040
931260900055
930590400026
931179500027
931629600065
930860400017
930600300011
930640800002
931359600006
930550600030
930609500195
940669500018
930370500022
930580700037
930640800003
931680100006
931080600136
930680400028
930860900024
930600700273
910080301869
941080200337
940819500057
940609600332
940609600003
940600200114
940600200124
940079600034
941080200370
940390200573
940610200160
941080200152
940600200078
940609500243
931080900131
940600200398
940610200177
940609700317
940399700044
940079600043
930399500010
940399800487
940869700072
941080200307
941080200054
930399500018
941080200296
941139700244
940390200584
941080200170
941080200517
940249600013
911230300018
910010905135
910010500639
911170701089
910019600359
910010201415
910010301185
910010601020
910510700880
910010902367
940399700067
910010705156
910040300444
910730700274
911000500285
910370500181
930869500042
930939500003
930880900015
930370600046
931370900040
931260000017
930610300074
931620500003
931620800065
930639600018
930640700006
930690700004
930390800048
930649500018
930610800049
930579500046
930500700034
931709500006
930600600093
930609500025
930590300024
930590500022
931170800003
930359600003
930390000046
930619900099
931540800005
931700700106
930390700087
931480400015
930619700073
931480900040
940390200635
931080700021
930399500020
940769500022
940980200013
940099600005
941080200344
940609600369
941089601247
940619800169
930600100042
940619800039
940390200054
941080200638
940390200556
941080200178
940419500040
910780300158
940390200474
930600100029
940729500019
940259700004
941089701006
940609600272
940399500091
941080200426
941080200412
940600200321
940819600038
940439500021
941080200495
910010903410
910320700589
910010503250
910060307950
911190900948
910760500359
910010904456
910010500716
910010502100
910780800846
910020301159
910020500465
910030300420
910010502091
910620501629
910060304143
910060401336
910610504314
910010700532
910010302111
931620900086
910010301213
910050500887
910010900768
930860400091
930650800003
931700800094
930600300178
930500400025
930610000029
930880100014
931209900013
931520900008
931179700022
930579700055
931080000011
930690400009
931510600003
931480300027
930660400003
931670500020
931179600019
930390000039
930390100044
930610500013
930380500026
940390200422
931700400148
931359600002
930610900053
940399800293
930620500004
931480200035
931660000001
930600700008
930660400020
941080200333
941139700660
930710900001
940469800043
930640700026
910010602340
940399700111
940619700294
940390200524
940619800222
940579700100
940600200133
940399800292
941080200046
940099500001
940090200028
940399800273
940470200009
940010200028
940609600215
941080200211
940619700168
940399800088
940610200143
941080200523
940600200119
940399700379
940600200195
941080200311
940609700192
911120800405
940619700436
910090702296
910010500225
910170000965
910010701032
910050300567
910010504369
910010504261
910010300098
910740900822
910010901695
910070500334
910010301134
910010400937
910960200159
910010301394
911560900709
911430502032
910310300777
931179800046
930600500042
930609900046
931080700079
931260600101
931200600021
930619900027
930659900021
931180400010
930600400115
930860500105
930600100139
930660200005
931670100025
930610600087
930610300078
930370700019
930480100001
930609700176
930610700223
930889800026
930409800003
930630400046
931080100023
930609600146
930490000025
930600200127
931700800073
931700300125
930579700051
930600800052
941080200090
940730200011
931080500074
940729800053
940469600013
940970200003
940069700065
940390200180
940609700333
940889600015
941080200727
930390300023
940100200022
940750200034
930600400135
941139600624
941080200555
941080200322
940799600002
940610200163
941080200598
941089600691
940390200159
930600400148
940390200007
940609700369
941080200575
940559600036
940089600003
941080200177
940399800110
940399700199
910110300174
910010702706
910010402038
910069702600
910010501462
911130506896
910710700609
910010902328
930719500007
910010901052
910060402591
910010500739
910620100244
910380500500
910050401665
910020300819
910060703712
911170100803
910010700351
911170301757
931089500037
930559700004
930619900082
931620900125
930579800015
931700700228
930579800046
930639900023
931700200067
930720000004
931200600015
931700900103
930690600013
931260600098
931700200026
930600200041
931200600023
931360800016
930860200007
931689500007
931220700005
931480700077
931200200005
940849600003
930610600167
930609900148
930610600205
930640200024
930620900020
930610800200
930640200015
931700100017
940619700188
940399500006
941080201548
940600200282
930609900018
940399700147
940930200036
940609700112
940579500023
930570602700
940610200060
941080200209
940399800138
940939500011
940390200562
940610200241
940600200310
940399700408
941130200043
940609700313
941080201692
940069600004
941080200189
930590700010
940399700493
940649700002
940399500289
940399700286
941089500836
940609500272
940600200169
911540300120
911620903517
910380200168
910010901606
910019500377
910010905136
940399500199
910010402448
910010200599
910010500041
910110400954
910070302449
910010503640
910630702864
911420801481
910010201123
910880501498
910010504285
910060200873
910010500861
910020500660
931669900019
930550700028
931080600115
930590200030
940570200046
931620000074
931620700058
930600800035
930670700024
930570800143
930370800017
930889800007
930390500060
930619700028
930570100022
930959800001
931080700096
930269900003
940709700012
931339500026
931690400003
931170600066
930460800002
931190900002
931370800061
930600900121
930610200071
930579800067
930869700042
931080200072
930609600093
930610200044
940619500110
941080200252
940139600002
941080202162
940599600047
940399500265
940399700443
940819500008
940889700022
940390200661
941139500119
940069500030
941080200504
940390200287
941009700022
940869600038
940819500016
940399700490
940609500038
940109700045
941489500202
941080202283
941130200947
930600100023
941080200616
930559800043
940589500011
940849500001
940889700032
940609700355
910010702419
940609700092
910140802891
910060503294
911120300071
910110700641
910039600511
910140901898
910750900693
910040400319
910010902792
910850501084
910010702222
910069801181
940699600018
910230403190
910620900037
911530902123
911350900179
911000101455
931700000015
931170600032
930590100001
930600300075
940399800448
930390700031
930590400007
931700300117
930860300021
931080400114
931080700118
930420300002
931379900008
930370100012
930600300151
930490700027
931449700003
930580500001
930860300051
931339800010
931239900015
940950200008
930060800016
930590400030
930590800018
930650700019
941629500091
931130800001
930860700082
930150900028
930639900025
930680700039
941089801599
940410200043
930710500006
940880200015
940880200021
940109700003
940609600307
940619700225
941080200581
940759500029
940390200375
940609500196
940610200203
940399500347
940940200004
940600200176
940769500020
940399700239
940399500363
941080200213
940399800510
910010902954
940299700005
940600200278
940390200687
930600100015
940399700375
940399700518
940399600359
940609600167
941080202190
911380700746
910550300204
910190500815
910010300723
910010902157
910940800622
911550900186
911680500184
911440900196
910310300521
910130700017
911080307663
910660701246
910850900674
910750802043
910010501031
911170500131
910010502855
910010402051
910470500146
930689500005
940859600008
930880900030
930579900069
931629700067
930610800296
930589900033
931660700036
930609800109
930600100128
930610700122
930889500012
930610700028
930609600068
930570000031
931480700078
940399800222
930310600025
930390800007
931480800021
930600500104
930380800026
930699600007
930609600041
930359500002
930610800221
931320800019
931179600002
930570701556
931699900016
931170500066
930710100008
940399700450
941480200358
941039600024
941080200499
940579500069
940609700020
940399500196
941089801245
940609700094
940889500008
941080200181
941080200346
940619500011
940069500141
940399600191
941080200637
941080200537
941089800476
940069800001
941080200128
941080200478
940399600244
940399600317
940390200356
940399800163
941139600587
940760200008
941709700016
910010503548
910169600333
910060800073
910010500429
910010704101
910800800500
910470501653
911010800065
910030500839
910010200989
911280901043
910010300153
910090500604
911620100959
910010703291
911720500620
911130813803
931200500040
931620700076
930470800002
930490200028
930610500172
931370100020
930379900007
931700800209
931170900069
931670600013
930310700026
931700600214
930860600081
931700400161
931370400011
930720000002
931700400017
930610600085
931160600008
930590000035
931080600094
931629800068
931550400003
930490500012
931080300072
931170800064
930380500010
940399700043
940390200319
941080200224
930570600681
940399800309
940109500038
941089500008
940390200376
940399500371
940109500031
940100200034
940259600001
940619800261
941089601171
941080200434
940810200032
940999800004
940600200227
941080200640
941080200599
941139500101
940399600220
941080200381
940069700056
910010402899
910060306382
910010201091
910050902529
910050901504
910010200518
910010702067
910010705435
910010301135
910520100567
910910300779
910050902103
910900501018
910010502471
910040300067
910010202459
910240502485
910010701556
910010500955
910050700903
911510300888
931620400005
931190500018
931180800012
931700900210
930680500038
930300500005
931620500131
930550400023
931510300003
930880800054
931230800002
931220800010
931700600212
931700300147
940379700030
930860900022
930380300006
930930000008
930459700004
931330800028
931680400016
940730200025
931260300001
940379500012
931700700134
940889700042
940579600072
940399500352
940069600067
941080200310
940999700003
940479500027
940399500184
941080201418
940069800076
940069800169
940810200028
940069500116
940489700002
941080200068
940399700092
940619700371
940749600012
940609600227
941009700024
940399700050
940390200382
940640200036
940069500203
930380000003
940399800401
940640200020
930619800087
940399800071
910010401520
910010501122
910450800331
910230501523
910040500179
910010202887
910010302479
910060507492
910060205306
910530701357
910060802652
911430301651
910080901675
910010902910
910010402777
910019502386
911050400439
910010400416
940699500033
910010502276
910010503019
931080200010
931000600012
940389700004
930390700015
930589700001
931620300053
940729700016
931449600006
930310300036
931709500038
931190900028
930610400029
930319900017
930310200023
931130600005
931089700009
930550400002
931700700165
931480600001
931480700043
931339600029
930860400095
931190900003
930889800021
931680500012
930550400013
940070200014
940399800381
940399800283
940399500335
940109700027
941080200541
941080200254
941080200391
940889600023
940390200042
941089601291
941080200624
941080200603
941080200237
910010503110
940799700015
940069500040
940399600085
940619700374
910730900054
941080200290
940399600006
941080200442
940819600017
941080200361
940619700358
940880200009
910030300291
910360300726
910010704810
910010503356
910120500867
910420400103
911170402471
910010901833
910010302118
910850300587
910060507079
910580503030
910430700270
910010200547
910090901839
911270100588
910060307303
910010703671
910630501030
910940900934
931410500009
930780601854
931240700004
930579800045
930399800019
931330400038
930600300045
930270600005
931690600010
930570703366
931420600011
930860800039
931420200013
931700200058
930610800086
930260900001
930150900020
930600700339
931339900001
931489500052
930760200003
931370300038
930830300004
931680900007
930390500029
930869500016
940939700011
941080200103
940390200676
940390200247
940390200510
940500200006
941480200288
940390200091
941089501315
941080200193
940399500266
941080200276
940390200014
940399600092
941089600720
940939700037
940640200026
940469600016
941080201889
940600200038
940390200373
940070200075
910019502399
910850300120
910130700382
910100700977
910040800378
910040300403
911670500358
911760000007
910060505589
910140503241
910010902561
910010903052
910100500342
910010701670
931359500004
931620700097
930570601961
931700800087
931180500009
930490900019
930860500021
930310600010
931769500012
931170200025
930399900002
931480600041
941080200476
930610800011
931089600006
931170000011
930310500055
930779700002
931189800004
930860800063
930420200005
931440200005
930770700006
931190900024
940399800021
931080900159
941089700445
941080201405
930380000016
940889500003
931080700003
940399700354
941089600844
940619700218
940399700499
940880200016
940739700003
941080200880
940109600019
941080200115
940550200027
941089701583
940619700128
940880200041
940069600036
941080200159
940299500004
941080200088
931080900142
911639800514
910170801111
911400500517
910070101684
910060802523
910550700744
910940700788
911690800954
910010301253
910410500955
910050902548
911080506025
910490900482
910010503984
910010301265
910360500711
910069803709
910010905328
910120401532
910010300388
910010504033
910020301036
931690700008
931480600056
930370400001
930600600146
931680100004
930390400048
931699700006
931629700032
930620100033
931200800005
930310000036
931400200002
930619500077
930559800015
931000900023
931700900067
931449500008
930889600009
931539600005
930600200108
940489500008
930610700164
940460200008
941080200150
940579700010
941089800120
940739700004
940619700020
940550200033
940090200039
940469700014
940130200001
940749600011
940729800048
940399800297
940109500067
940989700007
940399500294
911580801581
910060305142
910049800188
910020300802
940699600020
911600800135
910420500028
910020500572
910010503589
910010201201
910010500646
910070701320
910010904837
910010400655
910010902447
940989600005
910050700077
930610600188
930590900028
930069900003
931700900165
931129900003
930650900023
931620500036
931160900006
930670000004
941480200334
931120700001
930270100003
931580400004
930310900013
930390300044
931200000020
930559500021
930860900076
940259700003
931130800004
940609500194
940759700012
941080200960
940069500102
940760200005
940579700008
940079700044
940069800148
940619800098
941080200510
941080200052
940799600023
941089700153
940079700010
941080200321
940399700433
910010503192
940069600064
940959500001
940399700132
940810200012
940379700014
940109500002
911670500355
910010501631
911370702847
910060505722
910620100858
910010701109
910280801005
910010703260
910010704767
910030000779
910010701059
911230700011
910540400651
910040300263
910060504980
910130800374
910010704850
910030501058
910060706165
910010903249
941080200494
940600200419
940069500106
940619700425
940479700030
940390200619
940729500006
940079500018
940619600064
941009500007
911160700304
910020301191
910020300872
910100800801
910010800927
910010700155
910010704390
910010900752
910010701069
910060004719
910010802791
910050700875
910770601387
911610700148
940619700424
940399700316
910050700540
910150501969
910930702527
910010905032
911690900022
911700800937
910060904361
910010500351
910010700069
910950101590
910010503016
910530301845
910200400912
910090502974
910010701731
910010803323
910010704198
910010904301
910540300843
910059800251
910840500145
910010300006
910250400010
910019500982
910340700869
910010502198
911430501824
911280500497
911480200192
910010701342
910060905330
910010300695
910020500528
910040700348
910010902394
910010201365
910010704217
910040300337
911140301659
910010503524
911620502237
910010900146
910040300119
911220500202
910010904069
910010905570
910010703234
910120801385
911410301126
911340500041
911670801018
910049800294
910060504524
910039600373
910010500008
910010902970
910050902533
911130506888
910610203855
910020500109
910820703380
910010700958
910320401755
910010702241
910010301554
910780501698
910019500735
910930503022
910010502635
911170800336
910060105793
910070400853
911350500174
910460301069
910060502284
910530400567
911220200464
911730300527
910010704839
910010503181
910069700350
910060305537
910010902752
910010301229
910020300532
910540600111
910910802790
910060304802
910110901233
910060507077
910320801135
910790300985
910170901566
910010700234
910810601446
910050902576
911170500859
910010502820
911320300307
911140802796
911570800230
910110500080
910540300847
910010301808
910060505840
910010703119
910010301120
911480902791
911410400903
911110400201
910010503427
910010200828
910010900969
910760701194
910710800656
910010901793
910010301301
910010702468
910130801250
910059800707
910039600204
910010401737
910010501989
911350800295
910060504142
910810401662
910010900180
911560300205
910030500382
910010201547
910280501349
910010300081
910750400565
910010502850
910060406765
910150302110
910170500962
911330300849
910010901152
910010802047
911230300090
910490200409
910060504464
910060301612
910010703800
911390702180
910020300541
910010700987
910030500778
911750700040
910060500753
910020300499
911480501220
911550700281
910069602613
910010200160
911330501068
910010704660
911770900283
910600800786
910250800799
910010704787
910500805763
910810701808
911730300243
910370800460
911180500634
910060505260
910010501575
910010701371
910060404124
910019501161
911480501772
910020500132
910010701111
910530300971
910500703464
910010403180
911180300563
910500906731
910020300267
910010903036
910010701629
910010800972
910060300262
910530500166
910010905446
910050500204
910060307488
910010600144
910510800272
910010501618
910330801145
911040300198
910030000773
911180300337
911160300402
910060507195
910530301522
910010700257
910010904813
910030300413
910770501234
910010503182
910020500640
911150200971
910010503901
910060308006
910020500269
910030901284
910010501755
910010300336
910790300981
910010301914
910039600274
910010703146
911250900049
910750501775
910010903245
910530500097
910010704147
910060703865
910010300993
911450300199
910760500792
910140802874
910490700630
910010703876
910060506932
910350200265
910480700430
910390702656
911100701976
910010900597
910010300889
910020300882
910010400098
910090700378
910880500799
910040500489
910060306998
910060505804
911440300208
910010301235
910010901870
910010702703
911200500077
910010500295
910030300363
910760301186
910930101588
910060305681
911300300022
910010301438
910010905820
911600800108
910010905033
910169600318
910040600529
910010503592
910650700168
910210800139
910610303619
910010903558
910060507598
910010300620
910030300410
911760800599
910010901169
910060304256
910039600701
911340500045
910010501897
910080102670
910050401658
910020700072
910010902500
910020301324
910010705427
910060501526
911500700402
910010300407
910060505791
910010901296
911600300662
910070701678
910740300720
910010902332
910010900840
910680200311
910670300651
910370300351
910010503700
910110901546
910010802526
910060505760
910010500601
910010801668
910900701509
911350400011
910040700099
910060504520
910020800453
910010905788
910010300670
910020301329
910039600458
910060306408
910010903589
910010301093
910060304934
910360900759
910010803423
910050500296
910540700295
910050500579
910010903475
910010700992
911040200548
910010904231
910010500212
910010901821
910060906402
911020000660
910550402908
910080200483
910880800240
910010704159
910039600174
910180401596
910260900627
910380300020
910020500805
911530500534
910010402462
910010704233
910090800594
911280301203
911590300236
911269900926
910300800028
910060507325
910060104643
910060504136
910750900694
910230900608
910830701102
910010500386
911300900363
911410801374
910010704410
911590700447
910010903594
910820802970
911380300550
910820900996
910020300583
910010900843
910240302181
910010300226
910010503418
910010704871
910060400294
910010800462
911510500849
910040500141
910010702195
910540400652
911360500015
910820500036
911530701580
910010301113
910010702343
910309600559
910010501680
910010700663
910010705385
910060506621
910800300329
910169600715
910060901085
910010401182
910130201094
910030300217
910880903411
910930800625
910030200474
910010904472
910010300707
910010301657
911190500311
910010904835
910480500485
910600303641
910039600728
910010502249
910010503222
910100702420
910060306106
910840500524
911610500142
910030500143
910010502668
911630100463
910780901736
910050401928
910080000229
910010503365
910110801035
910010504051
910930301754
910010503753
910010502968
910010301820
910069802032
910090302685
910010503973
910010300775
911050700452
910010900099
910460901085
911580500214
910030100479
911510501810
910060806029
911270200044
910070901411
910019500512
910050300597
910100500266
910010500516
911710500268
910019502022
910010900713
911589901530
910030300409
910010700872
910050300595
910020301121
910010902098
910050501455
910010502969
910060506848
910010402249
910430701644
910780701224
911260300836
911600701124
910010402278
910010301744
910010905384
911720700227
910650802209
910090800952
911580500359
910040300387
910010501416
910850700109
910010300217
910050900035
911250800054
911530501305
911720900397
910970900300
911120902829
910010902275
911580300580
911600400716
910970300198
910030000523
910820302414
910060900948
910820703534
910010901244
910010902108
910070700215
910140302399
910060306914
910010502971
910010704111
910010503992
910090302007
910080900368
910320700548
910060504752
910020300928
911270100550
910810802289
910010900655
910010700161
910010200840
910060505842
910010301893
911240200002
910260500469
910060305242
910019901632
911100501835
910250800787
910060302313
910010801528
910010502521
911140901616
910060505721
910010402684
911420800494
910010501069
910010501034
911670700261
910610803890
911030500228
911140502784
911060800416
911600500011
910060700869
910060300410
910010201603
910060003073
910020500687
910320901401
910300300369
911610400197
910180700343
910830500728
910010903004
910010704955
910010703245
910410701510
911250500028
910050700737
911719800915
910010700004
910970400034
910560500337
910010703276
910580500107
910260500465
910550900379
910260300171
910900501007
910640901368
910010701441
910010905641
910010500063
910060504983
910080103032
910010500116
910010705112
910460900247
911600901026
910750102866
910010601954
910660101872
910310600615
910010200325
910060306832
910010500890
910030300361
910120801164
910010502456
911240700054
910050100457
910020500267
910350900755
911110800737
910010504035
910010300592
910010702239
911320500210
910930702318
910060700605
910010900364
910460800946
910940301018
910060300078
910010700526
910010902676
911680900333
910010301413
910610303813
911610200241
910250900257
910380300038
910650302266
910010403009
910340500309
910020300452
910039600616
910760800489
910010500274
910010501378
910060303372
910060701111
911530800592
910010502420
911370900368
910710300922
910290300425
911510401769
910010700649
910010502463
910010900001
911050800130
910010300774
911350500175
910060702482
910010200704
910010500671
910150502717
910010702298
910060906390
910010501614
911050500162
910480900442
911150700393
910610707368
910060904275
911490900107
911000401257
910010900759
910230401145
910010300545
910010501355
910060504477
910010300585
910990101719
910400301085
910010200833
910010700236
910550902048
910270300720
910010901432
910720300234
910860803449
910500804014
910010503833
911680500472
910340100627
911550600188
910019501137
910019500839
910640500372
911190900737
910010701924
910010900404
911580501207
910790700625
910019502562
910010502351
