910310402353
910680402284
911170102989
910790601197
910590103620
911130000243
911540100254
910390402567
910780202068
910750101010
910370301501
911020101992
910570200378
910550000457
911560000682
910780101933
910960602462
910980401270
910360001042
911150300801
911620002392
910270101568
911570200159
910790301216
911480103161
911370603690
911580201315
910690101147
911150400743
910760300929
911500201227
910390200473
911580001587
910630303611
911520500802
910070600986
911580501637
911000300573
910340000864
910810200540
910580001593
911530001451
911510402068
911120201803
911530500205
910550600316
910640600605
911260600037
911480302296
910100502837
911500600719
911380200604
910810102753
910440000725
911130503362
911000202076
910610204807
910930502270
910750202087
910780500369
910060405061
911520000527
911480201759
910880500251
910890201305
911800100077
910060001693
910400100657
910820101680
910940100780
910840200349
910800400458
910240200211
911370300498
910430501705
910860101619
911680100045
911420001198
910400600776
910600003827
910850500875
910850101039
910270602150
910430300097
911020301263
911500301404
911080508063
910060005730
911090501107
910600603275
910580200124
911330000855
911130000888
910570200265
910790001218
910730000216
911170600219
910180100182
910740400892
910820300370
911140301897
910750301322
910900601584
910550403280
911480402376
911130404965
911480000905
911130000356
911000200874
910580000422
911560100634
910060003460
910860301248
910860001238
911700101167
910310500629
910570100299
910240602259
910090201190
910670600342
911130001702
910600403957
910770500198
910790000592
910260100365
910570001335
911520201203
911080307523
910580503086
911550000021
911500400576
911620402920
911060400792
910230602974
910150200909
911080611962
910570601536
911080607391
910470300534
911080505483
910060305753
911380100447
910680100238
910100203698
910150100257
911510101470
910400101556
910930402802
911080303968
910780301717
911130602336
911120501888
911600600941
910080101125
911500400905
910930401088
910430401556
910860501601
911360100151
910320401694
910470201187
910570301900
911300600611
911720500114
910760401484
911140602747
910420201576
910180100739
911180200791
910610402556
910100003439
910880402338
910230103452
911020600209
910150601155
911660600290
911700100816
910780000910
910470400829
911420001199
911130106458
910820001219
911120101707
910320400485
910500302814
910180201929
910860000152
911660601470
910100100843
910570401805
910930400523
910390001111
910030400442
911110100121
911480305442
911260603456
910810202607
911260403209
910950000904
910990501538
910240101675
910130300015
910320501261
911080507684
911480602546
910660200679
911700201111
910750000198
910100403196
911330300339
910790600510
911130503579
910230201587
910600403599
910060104099
911500500254
910020000233
910150101471
910880400025
911280600056
910570001148
911140102722
911080501856
910070101427
910790501163
910400101806
910230203738
911500200632
910140603182
910410300687
910310601470
911410001111
910820100186
910230101734
910910201961
911000401452
910790300062
910060004707
911130200153
911530301588
911230100022
910270100350
911580100492
910100201640
911080400822
910680502486
910750501343
910680500001
910790101839
911520001713
910150101973
911480400048
911590200628
910750401898
910760201238
910110301555
910270101326
911530302423
910840400778
910400300189
910570002382
910610403232
911080606409
911150500782
910610304507
910050101215
911510601724
911170501094
911080601788
910890201920
911140101813
910410201547
911130604957
911080609723
910270001311
910060500642
910980300334
910610104574
911160501123
911580401491
911540100558
910620501985
911660600673
910940600291
910070202172
911490600719
910170300845
910750401866
911020300816
910120200735
911080102235
910300600887
910820001361
911720100143
910130100023
910800300364
910890200332
910680600633
910820502775
911120200181
910470300731
910140402218
911080107213
910830200457
910770101184
910270300177
910610404187
911700300937
911480402580
911580000939
911160001146
911080609243
910600603247
910400100302
910390202006
911490100585
910730200367
911130502002
910300301233
911480401107
911130601317
910640100001
911530302297
910090403112
910750501839
911330601189
911130103231
911290600495
911530100401
911130203579
910750301461
910090300408
910060306872
910310200508
910420401655
910390105231
910880302133
911690100129
910700000416
910690400450
910820102891
911590300470
910390200912
910140203416
910720100620
910390103344
910150401745
911650400823
910640200421
910340200723
910810300421
910580301569
910720100243
910440201135
910830600523
910400300164
910800300333
911080607024
910550502834
911000301098
911530302241
910850100859
910580201991
910710500440
911130201679
910470400325
911480102676
910700501499
911580001768
911480404713
910130100182
911140600250
911690100434
910970102062
910310301905
910940001071
911170601624
910610402193
910310101505
911650500432
911530200596
910140302721
911080006114
910720100895
911000201532
910660600102
911400500869
911140401236
910390105060
911490600452
910790501257
911080106727
910080200226
910230102741
910650501312
910090001132
911750200113
910030600766
910840600702
910320501301
910550500115
911150100689
910620502643
911550100269
910170401127
910820502478
910880402332
910610104700
910400500764
910610405804
911720100229
911260600554
910870500480
911080002542
910390202604
910980300152
911140200231
910970601333
911130303332
910480200227
910470401773
911420501548
911130005815
910930103181
911370602450
911480003092
911520300159
911670300883
910170001304
911080601190
911680300120
911080000534
911130104632
911580500935
911080105892
910810002166
910750201767
910310301656
910310402354
910790400701
910880601114
910580200222
910780101831
911130101090
910650401492
911720401030
910870600088
910230401121
910080402523
910820500024
911080502553
910150200042
911530401310
911130303398
910690001572
910600000438
910340300273
911260502240
910650102584
910650300147
910140503413
910060002552
911260601275
910790001777
910570503149
910310101818
911160500235
910650001256
910390204731
910390101531
911530300270
910610304565
910090203091
911130302808
911080602672
910570000541
911080603587
910340401271
910880102200
911120201785
910660300926
910270501490
910990301004
911090300822
910190100026
911710101007
911410600535
910820500138
910400501639
910550002787
911080607054
910570300088
911220300300
910760201415
910860400494
911500501163
911120600221
911530501806
911480402183
910240002343
911530300910
911660201585
910860201198
911700400812
910900200014
911510001628
910270101804
910270101800
911080611935
910650402118
911080511164
911120503109
911510601137
911130607000
911690100754
910310401818
910620401807
910600303153
911530500554
910140603320
911080606914
910060103761
910660200779
910840500318
910970601589
910060506288
910410100416
911690200954
910570200194
910240001080
910080402337
911130202311
910140203948
910180600291
910080400917
910870500580
910310402483
910060203805
910320100875
911260403766
910640101342
910140103396
911410100800
910970400198
910820400472
910080502579
910660202385
911000100591
911130605873
911080105402
910230203246
910970001801
910080401025
910770001160
911440000332
911140102461
910090303334
911080505211
910650302270
911130002378
910020500144
910950401140
911260303080
910760001396
910320200633
910130300384
911360200426
910120501363
911720500002
911160400114
911480403774
910060101000
910080002757
910630600799
910060404144
910970301288
910050401893
910150001487
911260403025
910600505077
910140300584
911620101668
911430001378
910600300808
910860502856
910860200332
910610405058
910150202165
910090500023
910660601859
910410101109
911160601041
910820301937
910310202535
910310102187
910240600167
911300000222
910780402310
911100200241
910860201020
911080201187
911080506619
910130001059
910320601235
910170100559
910570202858
911060301149
911480100305
910060302878
911400201608
910030400145
911760600698
911150300643
911480505359
910620401749
911080004473
911390200963
911220401059
911130000130
911690100135
911130002983
910800001644
910940400395
910390103130
910460002857
911120001762
911080101199
910660400466
910130300236
911490000164
910600505076
911590300468
910430301034
911480001109
910280601101
911220500551
910460101528
910390000805
911390100362
910600500503
911330200055
911650600763
910310301540
910760500408
910240400198
910470101625
911080608209
911080102701
910550200113
911480300718
911570200024
911090000028
911360000113
910620000375
910590204066
911480004649
910030100350
910270301430
910680402077
910680000532
911080001111
911080602940
910390102024
911170400632
910070500904
911130504899
911140102270
910590400174
911170302161
910250300145
911600000022
911720000558
911480405352
910680600963
911080004117
910780401275
911080407369
910960400292
910130200212
910790301271
911130101514
910060508532
910790500062
910230500458
911580101047
911140302111
911130401265
910910002099
911260503489
911160100621
910570002219
910660401130
911480203894
911530201468
911080611545
911080107371
911370202830
910140301787
910270301375
911650500922
910340000914
910260500185
910860201100
910170200220
910080401370
911300001287
911740600260
911530102029
910110101293
911130606884
910860000042
910640300058
911180200426
911480304957
910810302228
911260502895
910660200117
910810600980
911080105960
910170001115
911170600213
910620301985
910310101512
911080507696
910510500675
911620302435
910600404065
911580202289
910880100879
911100601956
910490600005
910090302512
910310100759
910820301075
910120201791
911640200143
911080508346
911260403205
910170601404
911480202925
910780401536
910450000011
910150502584
910990300575
910080400543
910090300833
910530301854
911080409484
910470500153
910780402284
910780100318
911410200766
910340500118
910080401344
910960600159
910320401162
911710401015
910810402671
911120400399
910290500623
910390001619
910690400223
910610103886
910600404003
911260500564
910430400144
910310100830
910710600891
910880501368
911520600601
911480305159
910100302834
910060102118
911480202021
910810101493
911290200928
910860201229
911080406420
911400101481
910830500938
911050400219
911730200676
910820600933
911380400639
910130501250
910240300067
911130507833
910340300068
910580502905
910790201879
911620301773
910810302632
911080512059
910810102891
910780300668
911370602276
910610001733
910750201069
910640002386
910810001739
910020000074
910750202539
911170102108
911370501669
911120600234
910480100689
911370001782
910320100644
911370102640
910310101393
910100403418
911480500598
910570100869
910390300177
911220300461
911130603993
910480500706
910790601404
910470102274
910230103455
910140502214
911450100020
910950001083
910750103100
911480203582
910650001247
910570400984
910200101081
910060005617
911380500748
910400301177
911420601291
911080601649
910680601147
910530600665
910170000554
910460102725
910060005721
910230301336
911480600436
911660201343
910860300982
911130103234
910980500080
911480402829
910740300830
910610404993
910870400193
911130203487
911660201077
911130607346
910180601374
910990401476
911540100439
910430100054
911120100766
910790400560
910390104694
910270102536
910320401505
910570303654
910230002729
910060405559
910060300460
911080303355
911750000023
910070002787
911580500420
911690400196
910400201178
911120201573
910930602863
910550601052
910620202997
910080400916
910600404556
911600600576
911120302871
911660001066
910100402033
910120200292
910570000797
911670600007
911370300148
910060600523
910970000947
911560000474
910430000542
910630401296
910600100038
911140300142
910960001988
910300000567
910100001789
910180100336
911130005498
910080200195
911670100231
910310101229
910650401233
910550503058
910570403983
911170100659
910580402357
911510102199
910660300633
911170600949
910060404145
910580302579
911130603207
911260202536
910060406361
911580200600
910450500170
911220300252
911530402122
911480604879
910060005454
910190400544
911620401588
910090001481
911130404154
910550502525
911530201002
911130402534
911690200279
910610201559
910450300037
911760300193
910730201029
910310400259
911530500320
910880301369
910310001116
911400200387
910440200070
910230102239
911080006791
911130503855
910120201808
910750501018
911140000267
911390001629
910140301732
910680202469
911080609218
910100203048
911140600013
910800101296
911090201438
910600301002
911540100039
910230400488
911130506549
910170201082
910390606418
910430501249
910100301711
910420600773
911720100552
911370003010
910770201055
910220000227
910840400553
910150100923
910590203047
911540300278
910950400958
911400000728
911690400678
910410001737
911080000129
911080609416
910270600654
911580101499
911080001188
910190100750
910390003015
910640200240
911120602507
910940201099
911420500904
911510300059
911480303544
910430301655
911660301105
910820201114
910260500539
910540300337
910810300245
910690600532
910750202649
911080607060
910820000826
910440400872
911510001573
911380500559
910090302138
911180500042
911490600776
910750601833
910060606335
910240302311
910200100417
910100102493
910800501330
911190600547
911110600452
910780600430
911530501285
911500600678
911520301030
910150200387
910340500471
911140202374
911700300122
910980200287
910320401471
910720000017
911190600014
910820601078
911620101672
910070202580
910780200377
911620601685
910780001604
910550502837
910840300052
911560100944
910620500399
910420300083
911130100759
910390000614
911480304071
910340100837
910640403033
911400102045
911480403366
910860400283
911580201487
911430601931
910720300956
910310501283
910090200916
911080611093
911080612624
911480402377
911130606755
911080005998
911480301830
910990100715
911520500413
910990600065
911190200382
911080304790
910740200246
911620600360
910620102268
910150202258
911300101416
910080402031
911510101141
911130000900
911080507794
910600600700
911080103834
911390202284
911100301520
910650001091
911700400521
911480405854
910860301233
910100600911
910310200387
911490100482
911500400633
911080005976
911080601774
911390200802
910570402851
911080601796
910120201227
910830200382
911620601063
911020300817
911590300467
910800001783
911480001070
911580400569
910660502406
910660101879
911660200604
911620100570
910790201496
910140400199
911150300707
911130400463
911170100658
910470301141
910090503315
910860601211
911080106747
910430000561
911620502303
911480603499
911260503492
911120001046
911120302665
911580502096
910390503158
911500601444
910390001965
911080406057
910480200699
910930402106
910570002264
911000501201
911260203091
910410300798
911080609554
910990301408
910070101052
911480604371
911080609702
910240002779
910790001190
910110301459
910100203917
910310200189
911090300122
911000400160
911380000200
911140002162
910610305752
911130104631
911080512049
910820301283
911330201204
911660400202
910070501984
910120000341
911260500848
910090002962
910100102770
910770101870
910340000731
911430000865
910940000788
910570503026
910150301913
910230200444
910060206103
911020201514
910750401578
911120102077
910470102306
911490400218
910780600320
911390300044
911480003713
910580603117
910610405067
911420500180
910310301521
911000300758
911580101143
911020300509
911370301748
910680300727
910320501492
911080607050
910470200103
910590502269
911580100049
910720301463
910410002157
911130104471
911090501331
911100201405
910090002263
910390100784
911260401482
910890301529
910400200212
911120301518
910460300916
910840100623
910680401419
910540600047
910930200323
910120100055
910140402230
910930100006
910750200605
911420401622
910070100155
910660200252
910390002577
910610004131
910120600874
930310300035
930390600078
930570500210
931260500062
931530100011
930310200073
931230500007
931480600053
930600400166
930680300004
930630100026
930640300012
931080600087
931680200008
930570401803
930860500005
930570500245
930310600023
931620300034
930570200062
931140600019
930780600658
931370300042
930550600003
931190600033
930390600008
930670500009
930390500031
931660000014
931130300024
930680600024
931260500069
930610600161
930570502775
931190500016
931480100001
930640300006
930610300150
930310200053
931260400035
930710200003
931370300031
931180600008
930670300010
931670200019
931200500054
930550600031
930590600044
930310600087
930640100017
931370500073
931080300039
930610600160
930860200056
931660100033
931170500050
930430000007
930430100008
931080400065
930610300001
931690100011
931100300004
931680200017
931160600004
931700200086
931620500092
930830500006
930290300001
930860500028
931080600133
930670300005
930500300040
931390600021
931170100028
930650200007
930760300003
931700300031
930790500010
931200600025
930640600002
931179900043
931700600066
930310500020
930390200072
931530100017
931580500011
930270600004
930570400291
931080600115
931480600007
930860600046
931200000021
930600200206
931620500026
930880500053
931080600119
930310400027
930860300047
931480500064
930730400001
930570000017
930550500004
931330300031
930490000011
930640500017
930680500040
930390500045
930080600003
930570200061
930860000013
930860400017
930560500005
931690200015
931480600030
931080600048
930390100015
930590000012
931580600022
930610400124
930630000047
931170100042
931620400056
930860000078
931260500031
930310000034
930370200031
931620300087
930880100012
930610400181
930310400032
931620100003
931360500013
931260300008
931700600177
930860300018
930370300015
930570500352
930680600008
930880500017
931230400010
930390200043
931080400093
930860300009
931000200002
931200600055
931700600086
931620000018
931080400109
931660400047
931170500030
930860500061
930650600005
931480100019
930310600052
931690600002
931330100022
930370200023
930490600018
931000500011
931420200010
931330400042
931350200010
930390300056
930670300008
930710200019
931700100037
931670500012
930670100002
931690200018
930830400005
931480600055
930570500439
931620600004
930390200007
930880500051
931330600014
930570400590
931700300048
930480100001
931620500032
931680100007
930880400017
931200600040
931370600052
930620200010
930310600012
931700500022
930680600041
930310600035
930610300119
931620200057
930850400002
930630300016
931620000052
931080600153
931370500076
930680400028
930310100037
930380100007
931190400010
930680300043
931620500131
930370300040
930310000022
930630000002
931700500136
931510200001
930860600027
930880200028
931620500080
931370500043
931670600017
931370100017
931370500039
930930600015
931080400080
930260000002
930370500046
931670000006
930650200016
931420200022
931530100016
931170600044
930570300041
930630300045
930310500111
931260600027
931440100002
930930300019
931620100018
930930000011
930500500024
931190600034
931000600003
930390400024
930570401365
930370100032
930790500002
931700400028
930670000015
931230400012
930710200029
930580100005
931700600156
930270000002
930860400091
930640500034
931120500009
930880400001
930640100033
931170500049
930310600074
930390400062
931700500167
931170600046
931700500168
931370300028
931700400133
930860200076
931480600008
930490600020
930860000094
931170100007
931620400066
931690100015
930860000040
931080600016
930370400032
931080500109
931530400009
931620100078
931080500014
930550500011
930860200009
931700400175
931260400018
931680600019
931260600010
931560400001
930310500096
930500600041
930680400003
930500400029
930630300010
931080500026
931000500021
931140400015
931700400061
930570000035
930750400005
931700600104
930550400029
931510600002
930550000022
931170200018
930860300070
931700500132
931170200001
931200100013
931120100004
931510400002
930390600071
931260500044
930610500096
931170200023
930370300018
931440200005
931480500066
931200500055
931670500024
931200400053
930860500041
931700500112
931260300002
930500300037
930860600014
930550000015
930550300042
930780501279
931620100042
930390100025
931700100071
931260600043
931680600018
931260500050
931200500014
930370200036
930860300031
930880600029
931330300027
930230600018
930860000035
930490100001
930390100065
930310300038
931370500077
931450300001
931620600015
931700300030
931370000008
931330500004
931690000023
931480400005
931620000030
930390400042
931660100029
931520400007
931200500052
930390100057
931170500029
930860600044
931620200021
931260100017
930310200052
931700500185
931260400044
930370600053
931370500071
930860000029
931690000031
930310100041
931700000038
931500500003
930860500057
931480600034
931260300025
930550400034
931700400147
931660600029
931700100073
930260100001
930720500005
931350400015
931190500010
931690200003
930860000039
930390400007
931180600002
931700600140
931530500007
931200200021
930860300006
931700500129
931480000042
931480400026
930370500041
931260500009
931680100001
930860300008
931510100002
931670300002
931480100016
930310400082
930080200001
930310000042
931480200031
931170300004
931190500020
930880600034
931480000014
931260400014
930880100034
931170500057
930550500023
930880200003
931660000001
931370000029
931670600014
931670100008
931370300041
931200500023
930310500064
931680600012
931670100015
930880000009
930370100011
931420500013
931620000067
931370600015
931420300017
930860300016
930930600014
931410600008
931690200016
931190600015
931700000039
930400300006
930010400004
930930500003
930390000010
931190600029
930860000101
931690400005
930860200019
930410600005
930860400057
930320200013
931370600003
931690600007
930490000033
931700300004
930990200001
930860100003
931170400033
930490000004
931620000053
931000500014
931620600030
930990000001
930370500026
931620600040
930860000033
930860500071
930260300002
930060300029
931200500031
930310400030
930080600001
931700500110
931260500054
930550600026
931200400004
931170500017
930450100002
931230600003
930550500049
930390400053
931170600049
931660500023
931170500011
930370200046
931670600006
930860400009
931690200002
931700100016
931660200007
931700600095
930390400031
931240600099
930720300002
931260600044
931370500002
931620300069
930860400001
930860200018
930310500058
931520400013
930390200050
931620300033
931200200012
930390400065
930930500008
930550500002
931330500029
931690000018
931690000016
931680600010
930780300003
931400100004
931670200012
931170000045
930060300024
931700600006
931620300084
930060300028
931330500022
930310300089
931170400022
930880000008
931480400046
931000400005
930880400019
931660000006
931700300116
931620600062
930310300050
931700100062
930230600020
930490000012
931370200013
931170300036
930390100042
930380600033
930780501759
930550400025
931240600100
931170600050
931690200019
930490600017
930310300039
930880400029
930880300009
931370400014
931480400032
930550300029
931370300005
931370500029
930370500025
930390100044
930390100024
930860000077
931370400003
931620100080
931480300021
931660500026
931230600005
931180500022
930860200084
931260300018
931620600109
931700300001
930370100010
930500600042
930310300079
931170200009
931620400088
931200600054
931620400024
931420200001
930310400084
931230100005
931320500013
931170100017
931660600004
931330500054
930860500031
930860000097
931700200054
931620600093
930380200008
931660300030
931700500044
930390100041
930310000041
931700400083
930550200018
930310400035
931660400027
931700500150
931180100007
931700600176
930390100029
930550000009
930370200002
930550300026
930880500030
930490600010
930500200016
931700000026
931620500071
931170100020
930380200012
931200400046
930310100025
931670400025
930310500043
930460500009
931170400063
931480300048
931700300032
931170100022
931200600052
931530200002
930880100015
931580000021
931700600065
931200300013
931480400030
931170200005
931670300018
931670500016
931420500017
931200000028
931260200006
931700400007
931680200005
931700600168
931330500057
931700500104
931260600099
931350200007
930860300019
930430500005
930310200071
931410100008
930500400010
931260300034
931180000002
930860300045
931230500003
930780200001
931200500009
931620100014
930470300005
930310600027
930390100043
931530400008
931170400018
930880000013
930370000016
931170400076
930500500028
931700000015
930860000076
931620600076
930860500099
930860400053
930880600046
930060300026
931480000017
941580000049
940860200082
940460200061
941480200220
941190600039
941520500007
940390100184
940820600016
940390200194
940410100039
941540100018
941480600673
941480500597
941670000020
941480000142
940390300305
941179900054
940430500103
941480500442
941480300418
941620500257
940240500012
940390400515
940820500067
940970000012
940860100070
941620600028
941520300038
941190200004
940550500069
941480500655
941620600398
940390500002
940820500093
941560500002
941490400010
941620400009
940390500467
940940000010
940390100540
940060400111
940390000493
940390200337
941490600020
940390000569
941000300003
941550200005
941620600389
941620400175
941620600148
941620100104
940390200696
941620400197
941000500069
940810300048
941330600010
940860500180
940830600005
941190400031
940390100173
940270100010
941680300005
941260100003
940390500818
940730200022
940390300280
940390500591
941000600053
941540000015
941520600033
940060000050
941620500287
940390000373
941510400003
940400300022
941530600069
941480200435
941540000029
940390000232
941420200010
940060500113
941480500178
940390100463
941170500065
940270300005
941170200018
941260200045
940860600223
940310500053
941540000024
940750400006
941530200016
940110400010
940500500053
940290400002
941480400443
940240500005
941480400605
941230600002
940060600330
941480300444
940390500541
940310000024
941480200251
941480300473
941530500039
940390100072
940750400032
941480600201
940240600001
940110300001
940550600067
940060500048
940430200020
941260300041
940390000415
940400300005
940270000002
940310500003
940390000151
941620600401
941480400416
941260400136
940550600004
940390200452
940390000546
941440400029
941670100009
941480500308
940430500074
941620200015
941480500605
941000600015
941480500129
941190500015
940390100292
941550500004
940390300338
941260300023
940930100047
941480400565
940960200001
941370500053
940390600753
941480500714
940270600049
940400000004
940780500010
941660600012
940460200043
940750000004
941620200020
941000300041
941530400047
940140600007
940780100056
941530500065
941000400053
941480500130
941190300002
940960200009
940500600110
941370300093
941480500580
940830300007
941580100031
940390300167
940500500065
941370300043
941480500029
940390300006
941480300334
941000400056
940990200001
941170500010
941620500040
941700200026
941490200037
940990500014
941000400044
941000400057
940130000002
940880600050
941530000066
940090200044
941700500067
940820400037
940390200101
940230600082
941620500071
941480200056
940860200060
941530600048
941500600023
940300600002
940390600019
940500500082
940390200498
940390600581
941490500015
941620500232
940860600117
940880100026
940130200001
940240600091
941580300046
940430000016
940830200005
941680300002
940720000027
941490300058
941170100072
940390500532
940390300074
940390200141
940430500113
940860300051
941480300177
940550200014
941530600068
941480200211
941620100127
941480200097
940450400002
940490200007
941490500028
940460500054
940860600178
940390400087
940390600078
941260500113
940390601029
941170500093
940390600899
940780100029
941620100112
940060600307
941580300013
940390100023
941700600081
940230500126
940240600086
941170100059
940820500059
941260200054
940860600049
940390000365
940930600020
940820600038
941660500018
940090600013
940410000032
940970500010
940070500042
940390600382
941260400105
941620000015
940990100009
941420000034
940390500472
940430500105
940390400073
940390100066
941620600208
941260000054
940390300164
940880000055
940390200079
940730200010
940280300004
941330600014
941330200010
941170200013
941260000014
941370000049
940880400028
941360600007
941170300001
940720000052
941440500023
941420100002
940810300011
941000200019
940090000015
940930600046
941620200092
940860200007
941260500011
940240400006
940940300007
940860300026
940060000060
940860600064
941260400114
940780500034
940500200027
941000200023
941620600007
941660500024
941000000003
940280500015
941620600101
941620400273
940820600086
941620600127
941620400205
941260500123
940240500002
941620600121
940240600057
941370100005
940550000033
940060000163
940470300025
941170400039
941620400065
940300000005
940940100018
940970600002
941620200014
941370400053
940860200046
940820400016
940010200009
940400600022
941260600092
940960600040
941620500300
940470000001
940880200028
940730000016
940930500033
941440300007
941620500019
941620300152
940490300010
940060400108
940060400078
940930500007
940120600029
940820300004
941620500146
941620500024
941620500093
940060500140
940430500034
941000500036
940100200027
941260000058
940750600028
940950600002
940060500174
940960400002
940070100027
940860500194
940860600092
941620400302
940070300014
941620600105
940410200023
940790600025
940880100015
941170100071
941260000055
941170100035
940010400104
940860500090
940780400062
940860100011
941370300047
940240000002
940550200040
941000200038
941420100004
940290100003
940550300007
940270600008
941330600001
940140600018
940060500159
941620400179
941700500073
941620300053
940750000050
941370600079
941620100166
941260200088
941190200003
940290600001
940060500163
940500100062
940460300001
941190400029
941000100051
941370000005
941170200017
941170500068
941330200012
941370500052
940790100013
941700600119
940860600141
941190500026
940930300013
940310500047
941330500019
940070200048
940860500108
940070100047
940400000019
940240500036
941620000008
940860600033
940250300031
941620600365
940860600035
941620200025
940790600018
941190600008
940310600017
940730000035
940060500063
940440400016
940810200035
940720100015
940860000002
941620400225
940060600127
940060000195
941000500078
941260600093
940860100026
940500400096
940100200065
941370400071
941170000027
940780400061
940860600022
941330100004
940830600001
940860400094
941260000042
940930300047
940550200049
941620400291
940880200033
941670400003
940790600047
941620500046
941620200075
941000400064
941170000021
940500600044
940820600079
941620500047
940820600034
941260500089
941620400117
940230600203
941620500020
940810400055
940880200034
941620200058
940300000016
940790200013
940470500006
940930400055
941170200084
940010000056
940830100001
940770300014
940230600211
941260400073
941170100010
940750100040
940070200071
941330300011
940720100026
940880400034
940860400040
940880100074
940550600005
941620400144
941000500068
940070200026
941700000036
940860500048
940810600042
940250300012
940430200029
940860500109
940240600015
940430600106
941170500114
940880300007
940310500015
940860600165
941170600014
940720000035
940880500048
940070600008
940290400007
941170500092
940780100063
941260300088
940780400082
940790500039
940230600003
940880100019
941260600184
940310500023
940820600095
940780000051
940990400006
941000000039
940410600010
940410200045
941580500137
941330500029
940860600018
941179900055
941370100003
940240600037
941170600018
940860600089
940760500001
941330400015
940880500006
940010300002
940060400040
941170600057
940790600036
941030600007
940790300016
940480600002
940240100029
940270600050
941190100007
940270200006
940880500011
940860200078
941170500019
941260600110
941370600029
940060500013
941170600128
940860500149
940860200061
940090000029
941170600086
940740100008
941170500011
940460400032
940550500048
941180000002
940310500036
940090200014
940060600035
940550600056
940860600023
940070200008
941660100012
941170100043
940780100048
940430600053
940940200008
940550200003
940550200029
940860600040
940100100031
940810500016
941000100017
940940100010
940060400147
940090300008
941580600139
941170300002
941170100078
940760400019
940070200108
940960000003
940090100036
940500500056
941700600018
941260600018
941660600060
940780500041
941420500014
940240200009
940060400101
940310000029
941370100067
940720500019
941170100028
940310500030
941220400022
940500600021
941260400138
940270400009
941370500040
940080200004
940940000005
940500600108
940550200021
941330500018
941670300015
941680000004
940750600064
940940100008
941700600013
940820600096
941190400021
940240600059
940070300004
940550500049
941220400001
941370200026
940790600015
940240500050
941170400054
940060300121
941260400113
941260400139
940930600053
941260600151
941220200013
940730000034
940280000002
941170000091
940070300041
941000500051
940780500020
940750000009
940830200002
941260400095
940720500005
940260600003
940370000006
941260600183
940500300060
940760100026
940500600103
941000500097
941700400008
940090300004
940060400073
941170300021
941580000012
941170400029
941670000016
